NOAA 15                 
1 25338U 98030A   25095.18001116  .00000412  00000+0  18733-3 0  9991
2 25338  98.5422 121.8664 0010238 184.2182 175.8914 14.26932731399072
DMSP 5D-3 F16 (USA 172) 
1 28054U 03048A   25095.21504843  .00000398  00000+0  23185-3 0  9993
2 28054  99.0177 110.4478 0006334 313.0926 122.5629 14.14327918107554
NOAA 18                 
1 28654U 05018A   25095.22013929  .00000423  00000+0  24779-3 0  9998
2 28654  98.8438 175.4287 0013254 317.8231  42.1921 14.13566032 24513
METEOSAT-9 (MSG-2)      
1 28912U 05049B   25095.05322403  .00000113  00000+0  00000+0 0  9993
2 28912   8.3625  58.3042 0000045  66.3455 133.8196  1.00276213 70682
EWS-G1 (GOES 13)        
1 29155U 06018A   25094.72516927  .00000026  00000+0  00000+0 0  9992
2 29155   3.3907  81.7476 0065699 263.3404 334.2402  0.98829671 38915
DMSP 5D-3 F17 (USA 191) 
1 29522U 06050A   25095.15519983  .00000425  00000+0  24265-3 0  9995
2 29522  98.7420 105.7154 0009234 221.6001 138.4471 14.14803200950471
FENGYUN 3A              
1 32958U 08026A   25095.11059219  .00000364  00000+0  19345-3 0  9999
2 32958  98.6421  40.3988 0007924 316.7601  43.2952 14.19411385873366
NOAA 19                 
1 33591U 09005A   25095.14512224  .00000384  00000+0  22869-3 0  9991
2 33591  99.0031 159.4678 0013855 184.4643 175.6407 14.13331357832865
GOES 14                 
1 35491U 09033A   25095.15894573 -.00000083  00000+0  00000+0 0  9990
2 35491   0.5465  88.8358 0000359 169.0738 244.7412  1.00269890 57769
DMSP 5D-3 F18 (USA 210) 
1 35951U 09057A   25095.22001652  .00000641  00000+0  35681-3 0  9999
2 35951  98.8549  73.3197 0012198  58.9731 301.2638 14.14573049797646
EWS-G2 (GOES 15)        
1 36411U 10008A   25094.85305190  .00000024  00000+0  00000+0 0  9999
2 36411   0.1415  86.8226 0002886 195.4111 279.5496  1.00272946 55234
COMS 1                  
1 36744U 10032A   25093.99194461 -.00000356  00000+0  00000+0 0  9995
2 36744   3.6786  80.9661 0000895 285.7603 311.0676  1.00269657 46683
FENGYUN 3B              
1 37214U 10059A   25095.25468846  .00000222  00000+0  13888-3 0  9992
2 37214  99.0212 132.9841 0021807 349.8179  81.1374 14.14707932745546
SUOMI NPP               
1 37849U 11061A   25095.13106003  .00000249  00000+0  13892-3 0  9995
2 37849  98.7528  35.1396 0002233 116.9396 243.2008 14.19513171696287
METEOSAT-10 (MSG-3)     
1 38552U 12035B   25094.75201530 -.00000016  00000+0  00000+0 0  9993
2 38552   3.6370  62.0384 0001634 256.9879 145.3560  1.00278107 46467
METOP-B                 
1 38771U 12049A   25095.14695370  .00000311  00000+0  16192-3 0  9994
2 38771  98.5846 151.1822 0001467 132.1711 227.9592 14.21470888651025
INSAT-3D                
1 39216U 13038B   25095.19280670 -.00000354  00000+0  00000+0 0  9991
2 39216   0.7928  88.4431 0001683 245.4847  58.7516  1.00271749 42918
FENGYUN 3C              
1 39260U 13052A   25095.19781012  .00000326  00000+0  18733-3 0  9996
2 39260  98.4520  85.5321 0014217 200.3633 159.6977 14.15599085596669
METEOR-M 2              
1 40069U 14037A   25095.21981573  .00000399  00000+0  20213-3 0  9992
2 40069  98.4649  82.8379 0004840 220.6842 139.3974 14.21264196557108
HIMAWARI-8              
1 40267U 14060A   25094.63707256 -.00000291  00000+0  00000+0 0  9997
2 40267   0.0160 199.3983 0000390 165.6286 198.1467  1.00266081 38355
FENGYUN 2G              
1 40367U 14090A   25094.98591537 -.00000314  00000+0  00000+0 0  9998
2 40367   4.5266  78.1123 0002197 125.5690  84.2609  1.00270186 37648
METEOSAT-11 (MSG-4)     
1 40732U 15034A   25095.18222966  .00000048  00000+0  00000+0 0  9996
2 40732   2.1061  72.2177 0000923 319.5797 236.7599  1.00275133 35628
ELEKTRO-L 2             
1 41105U 15074A   25094.74906137 -.00000129  00000+0  00000+0 0  9996
2 41105   5.5869  75.9029 0002636 230.0212 142.4995  1.00272892 34119
INSAT-3DR               
1 41752U 16054A   25094.40966476 -.00000091  00000+0  00000+0 0  9996
2 41752   0.1031  89.6201 0012061 192.4610 132.3045  1.00271220 31417
HIMAWARI-9              
1 41836U 16064A   25094.77990389 -.00000290  00000+0  00000+0 0  9991
2 41836   0.0385 110.0669 0001058 301.6805 203.1241  1.00271525 30818
GOES 16                 
1 41866U 16071A   25094.56919759 -.00000261  00000+0  00000+0 0  9999
2 41866   0.0661 286.7532 0001276  86.1828 309.5979  1.00271985 30707
FENGYUN 4A              
1 41882U 16077A   25067.80059639 -.00000113  00000+0  00000+0 0  9998
2 41882   1.1339  85.1667 0004787 173.2627 349.1682  1.00660049 30269
CYGFM05                 
1 41884U 16078A   25095.10060744  .00029006  00000+0  74048-3 0  9992
2 41884  34.9605 238.1457 0009770 359.2212   0.8491 15.38469038460987
CYGFM04                 
1 41885U 16078B   25094.74786951  .00027590  00000+0  66966-3 0  9993
2 41885  34.9349 220.8083 0008492  19.1966 340.9072 15.40021556461115
CYGFM02                 
1 41886U 16078C   25095.04942758  .00028671  00000+0  67432-3 0  9997
2 41886  34.9443 219.6498 0010295  13.4233 346.6759 15.40947469461176
CYGFM01                 
1 41887U 16078D   25095.10333500  .00028972  00000+0  73109-3 0  9996
2 41887  34.9438 241.9501 0009448 346.3952  13.6511 15.38824816460935
CYGFM08                 
1 41888U 16078E   25095.06091028  .00026654  00000+0  65482-3 0  9998
2 41888  34.9463 227.5882 0011151   9.7149 350.3784 15.39633375461043
CYGFM07                 
1 41890U 16078G   25095.02751869  .00027171  00000+0  65706-3 0  9997
2 41890  34.9481 218.1701 0009009  27.5223 332.5972 15.40131371461167
CYGFM03                 
1 41891U 16078H   25094.76450024  .00027300  00000+0  66484-3 0  9995
2 41891  34.9433 221.3744 0008010   9.3000 350.7866 15.39926956460959
FENGYUN 3D              
1 43010U 17072A   25095.19606772  .00000333  00000+0  17958-3 0  9995
2 43010  98.9557  58.2496 0001000 175.2678 184.8507 14.19601931382847
NOAA 20 (JPSS-1)        
1 43013U 17073A   25095.14680412  .00000315  00000+0  17010-3 0  9996
2 43013  98.7368  34.5822 0002148 101.1627 258.9790 14.19520308382322
GOES 17                 
1 43226U 18022A   25094.65983523 -.00000107  00000+0  00000+0 0  9998
2 43226   0.0374 299.7199 0001698 140.5238 246.0974  1.00271853 26025
FENGYUN 2H              
1 43491U 18050A   25095.12471487 -.00000144  00000+0  00000+0 0  9998
2 43491   1.9017  84.1874 0000798 178.8928  54.7667  1.00273438 25112
METOP-C                 
1 43689U 18087A   25095.18310508  .00000316  00000+0  16441-3 0  9999
2 43689  98.6801 156.4191 0001113  36.6158 323.5096 14.21506180332606
GEO-KOMPSAT-2A          
1 43823U 18100A   25094.81016858 -.00000359  00000+0  00000+0 0  9993
2 43823   0.0470  38.3713 0001700  20.0326 194.8718  1.00270933 23265
METEOR-M2 2             
1 44387U 19038A   25095.23127816  .00000358  00000+0  17514-3 0  9994
2 44387  98.8696  72.2884 0001295 147.4162 212.7097 14.24179891298954
ARKTIKA-M 1             
1 47719U 21016A   25093.35810389  .00000032  00000+0  00000+0 0  9997
2 47719  63.1396 117.1695 7070782 268.5394  16.9055  2.00606836 29969
FENGYUN 3E              
1 49008U 21062A   25095.24137730  .00000107  00000+0  71006-4 0  9995
2 49008  98.7434  98.7618 0000433 275.2129  84.8998 14.19856004194430
GOES 18                 
1 51850U 22021A   25094.35947587  .00000083  00000+0  00000+0 0  9993
2 51850   0.0128  74.5997 0000013 123.0447 347.6785  1.00272769  2194
NOAA 21 (JPSS-2)        
1 54234U 22150A   25095.18366095  .00000274  00000+0  15080-3 0  9996
2 54234  98.7222  35.0202 0002252  41.3487 318.7859 14.19571294124405
METEOSAT-12 (MTG-I1)    
1 54743U 22170C   25095.18031830 -.00000022  00000+0  00000+0 0  9993
2 54743   0.6597  39.1190 0001870 278.7162 300.4693  1.00273451  8583
TIANMU-1 03             
1 55973U 23039A   25095.22305462  .00025474  00000+0  79180-3 0  9990
2 55973  97.4941 252.7331 0003964 217.7165 142.3799 15.33317588113430
TIANMU-1 04             
1 55974U 23039B   25095.17985247  .00025934  00000+0  80084-3 0  9996
2 55974  97.4869 252.0200 0004936 216.3546 143.7361 15.33518912113429
TIANMU-1 05             
1 55975U 23039C   25095.19174151  .00026241  00000+0  81611-3 0  9992
2 55975  97.4915 252.4774 0003375 236.2747 123.8174 15.33295907113418
TIANMU-1 06             
1 55976U 23039D   25095.19395883  .00026733  00000+0  82316-3 0  9999
2 55976  97.4929 252.7605 0003807 234.8097 125.2789 15.33608354113425
METEOR-M2 3             
1 57166U 23091A   25095.21606722  .00000067  00000+0  48219-4 0  9997
2 57166  98.6686 152.6398 0004115  20.0955 340.0385 14.23989786 92186
TIANMU-1 07             
1 57399U 23101A   25095.17241556  .00015541  00000+0  64347-3 0  9994
2 57399  97.3184 150.7817 0003192 227.1952 132.9018 15.24010646 94791
TIANMU-1 08             
1 57400U 23101B   25095.20449584  .00014699  00000+0  60848-3 0  9997
2 57400  97.3174 150.6502 0005092 239.7070 120.3664 15.24021586 94797
TIANMU-1 09             
1 57401U 23101C   25095.18796188  .00015135  00000+0  62550-3 0  9998
2 57401  97.3128 150.3025 0004961 235.6573 124.4196 15.24073010 94795
TIANMU-1 10             
1 57402U 23101D   25095.15381634  .00015816  50252-7  65207-3 0  9992
2 57402  97.3209 150.8554 0006925 237.4949 122.5620 15.24097741 94784
FENGYUN 3F              
1 57490U 23111A   25095.17157380  .00000228  00000+0  12787-3 0  9995
2 57490  98.7311 167.1131 0000916  51.7198 308.4061 14.20022242 86705
ARKTIKA-M 2             
1 58584U 23198A   25091.10555480  .00000156  00000+0  00000+0 0  9998
2 58584  63.2294 202.8400 6883962 269.1062  18.2553  2.00608976  9452
TIANMU-1 11             
1 58645U 23205A   25095.20187292  .00013547  00000+0  60970-3 0  9996
2 58645  97.3795 119.5655 0012175 105.4303 254.8279 15.21141110 70814
TIANMU-1 12             
1 58646U 23205B   25095.21867745  .00013855  00000+0  62288-3 0  9992
2 58646  97.3779 119.4547 0010217  99.4635 260.7756 15.21192113 70805
TIANMU-1 13             
1 58647U 23205C   25095.18405313  .00013581  00000+0  61013-3 0  9999
2 58647  97.3810 119.5316 0010602  83.3626 276.8816 15.21218909 70792
TIANMU-1 14             
1 58648U 23205D   25095.23491961  .00012657  00000+0  56914-3 0  9997
2 58648  97.3736 119.1603 0011168  86.0855 274.1658 15.21196750 70803
TIANMU-1 19             
1 58660U 23208A   25095.25973335  .00019075  00000+0  81676-3 0  9990
2 58660  97.4197 208.1206 0006695  72.7583 287.4386 15.22815540 70492
TIANMU-1 20             
1 58661U 23208B   25095.24724988  .00018910  00000+0  78084-3 0  9994
2 58661  97.4134 208.3108 0009412  79.8137 280.4162 15.24025656 70533
TIANMU-1 21             
1 58662U 23208C   25095.26088317  .00021429  00000+0  83957-3 0  9990
2 58662  97.4174 209.2893 0008863  78.6322 281.5911 15.25768648 70586
TIANMU-1 22             
1 58663U 23208D   25095.24711265  .00017757  00000+0  75954-3 0  9991
2 58663  97.4192 208.2143 0005590  94.3354 265.8521 15.22872540 70506
TIANMU-1 15             
1 58700U 24004A   25094.77075473  .00013711  00000+0  61523-3 0  9992
2 58700  97.4662 277.8408 0008875 107.2742 252.9465 15.21274574 69009
TIANMU-1 16             
1 58701U 24004B   25095.21571502  .00014162  00000+0  63554-3 0  9994
2 58701  97.4592 277.8861 0009211 108.4747 251.7490 15.21260591 69074
TIANMU-1 17             
1 58702U 24004C   25095.20510148  .00014227  00000+0  64036-3 0  9991
2 58702  97.4630 278.1532 0007062 104.3289 255.8731 15.21174403 69063
TIANMU-1 18             
1 58703U 24004D   25095.18390107  .00014511  00000+0  65245-3 0  9999
2 58703  97.4650 278.2788 0007204  97.0945 263.1110 15.21205345 69068
INSAT-3DS               
1 58990U 24033A   25094.69684625 -.00000171  00000+0  00000+0 0  9997
2 58990   0.0408  97.0286 0001744 262.3733 166.7739  1.00271157 42671
METEOR-M2 4             
1 59051U 24039A   25095.22301714  .00000155  00000+0  89172-4 0  9990
2 59051  98.6428  56.5984 0007214   7.7842 352.3447 14.22354129 57001
GOES 19                 
1 60133U 24119A   25094.56919759 -.00000262  00000+0  00000+0 0  9990
2 60133   0.0488  43.0299 0001205 298.0553 341.6965  1.00267855  2563
